Tx⟍Rx     1     2     3     4     5     6     7     8     9    10    11    12    13    14    15    16    17    18    19    20    21    22    23    24
     +-----------------------------------------------------------------------------------------------------------------------------------------------
   1 |        -41   -53   -63   -63   -65   -79   -69   -85                                                                           -85   -71   -63
   2 |  -41         -51   -73   -55   -58   -78   -79   -86                                                                           -88   -69   -67
   3 |  -54   -51         -41   -39   -47   -65   -59   -73                                                                                 -69   -48
   4 |  -63   -72   -40         -44   -41   -54   -53   -67                                                                                 -42   -41
   5 |  -63   -55   -38   -44         -52   -54   -48   -73                                                                                 -47   -34
   6 |  -65   -58   -47   -41   -52         -48   -57   -54               -88                                                               -39   -45
   7 |  -80   -79   -66   -55   -55   -49         -41   -54               -85   -81                                                         -56   -51
   8 |  -69   -79   -58   -53   -48   -57   -40         -55               -83   -77                                                         -44   -47
   9 |  -86   -87   -74   -69   -75   -56   -54   -56                     -78   -74   -84                                                   -59   -75
  10 |                                                              -45               -84
  11 |                                                        -47
  12 |                                -88   -85   -83   -77                     -47   -83   -70   -71   -82   -77                           -85   -87
  13 |                                      -81   -78   -74               -48         -70   -75   -86   -89                                 -84
  14 |                                                  -84   -86         -83   -69         -71   -72   -88
  15 |                                                                    -71   -75   -71         -53   -57   -67   -72   -88   -85         -91
  16 |                                                                    -72   -86   -73   -53         -56   -71   -79   -73   -80
  17 |                                                                    -82   -89   -88   -57   -55         -55   -70   -69   -69   -87
  18 |                                                                    -76               -65   -70   -54         -64   -51   -66   -72
  19 |                                                                                      -72   -78   -70   -64         -43   -66   -61
  20 |                                                                                      -87   -72   -68   -51   -43         -69   -64
  21 |                                                                                      -85   -79   -69   -67   -66   -69         -48
  22 |  -85   -88                                                                                       -87   -73   -61   -65   -48
  23 |  -71   -68   -68   -41   -47   -38   -54   -43   -57               -84   -83                                                               -45
  24 |  -62   -66   -46   -41   -34   -45   -50   -46   -74               -86                                                               -46

